Examples of messages received from esp-link
=====
OK:
02  00  00  00  42  01  00  00  72  7e  c0  
OK:
03  00  01  00  42  01  00  00  01  00  05  00  81  38  c0  
OK:
03  00  00  00  01  00  00  00  6b  96  c0  
OK:
03  00  02  00  02  00  00  00  0f  00  73  70  69  64  65  72  2f  73  77  69  74  63  68  2f  30  00  00  00  01  00  31  00  0b  39  c0  
OK:
03  00  02  00  02  00  00  00  0f  00  73  70  69  64  65  72  2f  73  77  69  74  63  68  2f  39  00  00  00  01  00  30  00  d0  8c  c0  
OK:
03  00  02  00  02  00  00  00  0f  00  73  70  69  64  65  72  2f  73  77  69  74  63  68  2f  39  00  00  00  01  00  31  00  08  95  c0  
OK:
03  00  02  00  02  00  00  00  0f  00  73  70  69  64  65  72  2f  73  77  69  74  63  68  2f  30  00  00  00  01  00  30  00  d3  20  c0  
OK:
03  00  02  00  02  00  00  00  0f  00  73  70  69  64  65  72  2f  73  77  69  74  63  68  2f  33  00  00  00  01  00  30  00  03  aa  c0  
OK:
03  00  02  00  02  00  00  00  0f  00  73  70  69  64  65  72  2f  73  77  69  74  63  68  2f  33  00  00  00  01  00  31  00  db  dd  b3  c0  
OK:
03  00  02  00  02  00  00  00  0f  00  73  70  69  64  65  72  2f  73  77  69  74  63  68  2f  36  00  00  00  01  00  30  00  62  3d  c0  
OK:
03  00  02  00  02  00  00  00  0f  00  73  70  69  64  65  72  2f  73  77  69  74  63  68  2f  36  00  00  00  01  00  31  00  ba  24  c0  
